000
003
000
000
FFE
FFC
007
FFA
FF6
FFE
005
003
003
FFE
FFC
FFE
001
FFD
005
FFD
FFF
FFF
000
000
000
000
00B
001
000
000
000
000
000
000
000
000
000
000
000
000
000
000
000
000
000
000
000
000
000
000
000
000
FFA
001
013
007
052
FFA
00F
000
FFF
003
048
FED
02F
FFB
051
010
007
FF8
FF9
FFF
FFB
001
004
FFE
FFF
FFF
000
000
007
FFE
000
000
008
FFF
000
FFF
000
000
000
000
005
005
001
003
00A
000
000
000
000
000
000
000
000
000
000
000
000
000
000
000
000
000
000
000
000
000
000
000
000
000
000
000
026
003
013
FED
00A
FFF
049
FF2
01B
FF3
02B
FEA
028
FF6
004
FFD
00B
FFE
04E
00E
000
000
FD2
016
FF9
029
001
002
FFB
FFF
009
FFC
000
001
000
000
003
005
000
000
000
000
00A
FFD
000
000
000
000
000
000
000
000
000
000
000
000
000
000
000
000
000
000
000
000
000
000
000
000
000
000
022
FEB
03E
FB6
000
000
000
000
000
000
03D
FF5
018
FEB
00A
000
05A
FEC
032
FE9
003
FF8
FF7
002
FEA
00D
FD9
022
FDF
00F
FE4
015
FE1
017
FFC
015
FFE
007
FFD
006
00C
FF0
002
FF9
000
000
00A
008
000
000
000
000
000
000
000
000
000
000
000
000
000
000
000
000
000
000
000
000
000
000
000
000
000
000
000
000
000
000
000
000
022
FEA
027
FE8
002
FF5
002
FFB
FF6
00B
05A
FE0
013
001
000
000
01A
002
015
FFD
000
000
FF1
00A
FDE
016
FD2
015
FCA
FFA
FD0
02A
FE9
022
000
000
001
005
006
FFC
006
005
001
FFB
FFF
FFF
000
000
000
000
000
000
000
000
000
000
000
000
000
000
000
000
000
000
000
000
011
004
008
00A
000
000
046
FFD
038
FFA
040
FEB
000
002
015
FEC
00E
FDB
000
000
000
000
004
002
02C
FE9
014
FF7
002
008
000
000
000
000
000
000
FE8
01C
FCB
02D
FEA
012
006
009
FE2
020
FE7
020
000
000
FF9
FFE
FF8
004
000
FF4
001
00B
FFD
002
003
006
000
000
000
000
000
000
000
000
000
000
000
000
000
000
000
000
000
000
000
000
000
000
000
000
02B
FEF
02E
FED
02D
FEC
000
000
02B
FD9
000
000
000
000
FFC
00A
005
000
000
000
004
004
000
000
000
000
000
000
000
000
FE2
019
000
000
FCF
01C
000
000
000
000
000
000
000
000
006
001
002
FFC
00D
005
000
009
000
000
FFF
FEC
020
FE9
024
FEC
000
000
000
000
000
000
000
000
000
000
000
000
000
000
000
000
000
000
000
000
03D
FE4
030
FE6
01D
FFC
000
000
002
FFB
000
000
008
00B
000
000
000
000
000
000
000
000
000
000
000
000
000
000
000
000
FF8
02D
002
01D
FE7
023
000
000
000
000
000
000
000
000
001
FFE
000
FFA
003
004
006
014
000
000
000
FEC
022
FEC
000
000
000
000
000
000
000
000
000
000
000
000
000
000
000
000
000
000
000
000
000
000
040
FE5
050
FDB
012
FD6
000
000
000
000
FFE
00F
000
000
000
000
000
000
000
000
000
000
000
000
000
000
000
000
006
01C
009
016
FFA
045
FF8
001
006
013
000
000
000
000
000
000
000
FFF
005
001
016
FFE
009
002
000
000
01B
FDB
000
000
000
000
005
004
006
FF4
000
000
000
000
000
000
FFE
006
038
FE3
020
FDD
03D
FD1
000
000
000
000
000
000
000
000
000
000
004
FFA
010
FF7
000
000
000
000
000
000
000
000
000
000
004
FFB
000
000
000
000
013
02C
013
028
03F
020
FF8
02E
000
000
000
000
000
000
000
000
003
001
000
001
004
000
019
FF2
00B
FFC
000
000
000
000
000
000
000
000
000
000
000
000
000
000
000
000
037
FD5
03C
FC2
021
FF4
02B
FED
000
000
000
000
000
000
000
000
001
FFF
007
001
002
005
000
000
000
000
000
000
000
000
000
000
000
000
000
000
000
023
02A
036
01D
028
034
039
000
000
000
000
000
000
000
000
000
000
003
004
001
001
005
002
00A
00A
FFA
001
000
000
000
000
02D
FD9
000
000
01C
FC3
02B
FBB
01C
FD5
02C
FC4
021
FD0
014
FC2
03C
FD5
025
FD7
000
000
000
000
000
000
000
000
004
003
001
008
00E
002
001
011
000
000
000
000
000
000
000
000
007
04E
00D
040
015
01E
00D
036
000
000
000
000
000
000
000
000
000
000
000
000
000
000
006
005
008
00D
003
001
00A
005
001
004
000
000
000
000
030
FD2
029
FB5
000
000
000
000
031
FC7
01F
FCE
014
FBC
019
FC3
041
FCE
011
FBE
012
FD6
000
000
000
000
000
000
000
005
000
000
000
000
000
000
000
000
000
000
000
000
000
000
00B
069
017
036
023
05C
015
FFE
000
000
000
000
000
000
000
000
000
000
000
000
000
000
000
000
004
002
005
00E
000
000
FFF
FFD
FFD
FC2
031
FCE
021
FF0
019
FC7
000
000
000
000
01D
FCB
00D
FC4
022
FBD
000
000
02C
FD2
00B
FC4
01C
FB8
008
002
000
000
000
000
FFF
006
00E
FFC
009
009
000
000
000
000
000
000
000
000
000
000
000
000
031
051
016
049
02E
060
FBA
012
000
000
000
000
000
000
000
000
000
000
000
000
000
000
000
000
006
00E
001
FFB
FFF
FFE
010
FDF
025
FEC
03A
FCC
01A
FC1
000
000
000
000
01E
FA1
000
000
014
FD0
003
FC8
010
FCB
00B
FBF
01C
FA8
00B
FF8
000
000
000
000
00A
00C
000
000
000
000
000
000
000
000
000
000
000
000
000
000
000
000
000
000
000
000
000
000
033
016
000
000
000
000
000
000
000
000
060
05A
FFE
076
000
000
000
000
00B
00D
004
FFA
000
000
FF9
FE7
01E
FDB
000
000
000
000
FF5
FDF
FFE
FF2
012
FEB
006
00B
00A
007
012
FD5
00F
F7C
010
FB5
00F
FC0
021
F8D
000
000
000
000
00E
011
000
000
000
000
000
000
000
000
000
000
000
000
000
000
004
000
000
000
000
000
000
000
000
000
006
00E
000
000
000
000
00B
0C5
052
03F
045
03A
00F
082
000
000
000
000
000
000
000
000
000
000
03B
FCD
000
000
000
000
000
000
000
000
006
FCD
000
000
016
FFB
000
000
014
FC3
006
FBE
000
000
000
000
00A
002
000
000
000
000
000
000
000
000
000
000
000
000
000
000
000
000
000
000
009
FFF
000
000
000
000
000
000
000
000
009
001
008
FFE
000
000
09A
028
07A
03A
FFE
043
049
0AC
000
000
000
000
000
000
000
000
000
000
000
000
02D
FA7
000
000
000
000
000
000
000
000
000
000
012
FF6
000
000
01A
FBC
005
FDF
00C
FB3
007
FB7
00B
012
000
000
000
000
000
000
004
FF2
000
000
000
000
000
000
000
000
000
000
000
000
00A
FFE
000
000
000
000
000
000
000
000
006
002
00F
FFD
042
016
051
057
04A
045
000
000
000
000
000
000
000
000
000
000
000
000
000
000
02A
FC3
000
000
000
000
000
000
00C
FA9
000
000
007
FFC
000
000
FFC
FB2
000
000
FEA
F96
006
FCC
000
000
000
000
000
000
000
000
00C
FFB
008
FF6
000
000
000
000
000
000
000
000
000
000
00E
FFD
FFD
008
000
000
000
000
000
000
000
000
00A
FFD
035
035
097
06F
FDC
056
04B
029
046
05D
000
000
000
000
000
000
FFD
000
000
000
01D
FF5
FFF
F65
02A
F91
029
FB8
011
FBB
01D
FF6
000
000
005
F7B
009
FBD
FEC
F8C
FE1
F9B
000
000
000
000
000
000
000
000
003
000
000
000
000
000
000
000
000
000
000
000
000
000
000
000
000
000
014
010
000
000
000
000
000
000
000
000
000
000
00B
002
010
009
00E
02D
000
000
000
000
000
000
000
000
FFF
FF8
000
000
000
000
02C
003
01E
FAA
02E
FC4
000
000
000
000
01E
FDC
000
000
031
FAB
FFA
F82
FF9
F97
FEA
FB1
000
000
000
000
000
000
000
000
010
009
000
000
000
000
000
000
000
000
000
000
000
000
000
000
000
000
000
000
00E
006
000
000
000
000
000
000
000
000
000
000
00B
004
00A
FFE
000
000
000
000
000
000
000
000
FFF
FFC
000
000
00F
000
000
000
000
000
02F
FAD
FF6
FB1
FCF
F68
033
FA1
000
000
000
FA0
FFA
FA4
FF7
FB3
FFC
F7D
000
000
000
000
00B
FFD
000
000
003
FF6
000
000
007
009
000
000
000
000
000
000
000
000
000
000
000
000
000
000
000
000
001
00B
000
000
000
000
000
000
000
000
000
000
008
FFF
000
000
000
000
000
000
000
000
000
000
000
000
000
000
01F
F83
000
000
036
FA3
021
F6F
034
F99
017
FBB
000
000
FFC
F95
FEE
FAA
000
000
FFC
FA1
FEC
FAB
FDC
F5C
006
FFB
000
000
000
000
007
FFD
000
000
000
000
000
000
000
000
000
000
000
000
000
000
000
000
000
000
000
000
00E
004
000
000
000
000
000
000
000
000
000
000
000
000
00A
003
000
000
000
000
000
000
000
000
022
015
017
F79
012
F90
FF8
FB2
003
FAB
000
000
038
F90
000
000
FE6
F7A
015
FAD
000
000
000
000
FE2
FB2
FCE
F80
006
FF9
000
000
000
000
011
FF9
000
000
000
000
000
000
000
000
019
017
000
000
000
000
000
000
000
000
000
000
011
007
000
000
000
000
000
000
000
000
000
000
000
000
000
000
003
FFD
000
000
000
000
000
000
007
004
014
F97
002
F4B
009
F83
FE0
F52
000
000
01D
F8E
FF3
FAB
FF9
F6B
000
000
000
000
000
000
000
000
000
000
004
FF9
006
FF0
000
000
000
000
010
006
009
FF7
000
000
000
000
009
004
01A
007
000
000
000
000
000
000
000
000
000
000
015
00A
009
005
000
000
000
000
000
000
000
000
000
000
00A
FFD
019
011
000
000
000
000
FEF
FC7
006
F9E
FFA
F5A
004
FB0
004
F9D
000
000
000
000
012
FF7
000
000
000
000
000
000
000
000
000
000
000
000
000
000
000
000
000
000
000
000
013
FFF
000
000
000
000
00F
007
016
006
000
000
000
000
000
000
000
000
000
000
000
000
000
000
000
000
00F
003
000
000
000
000
000
000
000
000
000
000
000
000
FFF
FF9
000
001
005
F9E
014
F59
02A
F22
FAE
F96
FEB
F93
000
000
009
003
000
000
000
000
000
000
000
000
000
000
000
000
000
000
000
000
000
000
000
000
000
000
000
000
027
018
015
000
013
010
FFC
FFF
014
002
000
000
000
000
000
000
000
000
000
000
000
000
000
000
010
003
000
000
000
000
000
000
000
000
000
000
000
000
000
000
000
000
000
000
006
F5D
FE6
F6C
02E
FAC
FEE
F29
000
000
000
000
012
FFF
000
000
000
000
000
000
000
000
000
000
000
000
000
000
000
000
000
000
006
002
000
000
010
002
00E
012
01B
003
FFE
FFB
000
000
000
000
000
000
000
000
000
000
000
000
000
000
000
000
000
000
000
000
008
FFF
000
000
000
000
000
000
000
000
000
000
000
000
000
000
012
FBB
01A
F8A
FE0
F9D
000
000
000
000
000
000
00C
FF9
000
000
000
000
000
000
000
000
000
000
000
000
000
000
000
000
000
000
003
FF8
00D
004
000
000
000
000
000
000
00A
002
000
000
000
000
000
000
000
000
000
000
000
000
000
000
000
000
000
000
000
000
009
005
000
000
000
000
000
000
000
000
000
000
000
000
000
000
006
F77
000
000
000
000
FE9
EE2
000
000
000
000
006
000
000
000
000
000
000
000
000
000
000
000
000
000
000
000
000
000
000
000
008
001
001
FF7
019
008
000
000
000
000
00E
FFE
008
00E
000
000
000
000
000
000
000
000
000
000
000
000
000
000
000
000
000
000
000
000
000
000
00F
001
000
000
000
000
000
000
006
005
000
000
000
000
000
000
000
000
FB3
F94
000
000
000
000
FE2
FBC
000
000
000
000
000
000
000
000
000
000
000
000
000
000
000
000
000
000
000
000
000
000
007
003
000
000
000
000
010
000
00E
011
000
000
000
000
000
000
000
000
000
000
000
000
000
000
000
000
000
000
000
000
000
000
000
000
00E
003
000
000
000
000
000
000
000
000
000
000
000
000
000
000
000
000
000
000
000
000
000
000
01C
008
000
000
000
000
000
000
000
000
000
000
000
000
000
000
000
000
000
000
000
000
000
000
000
000
000
000
000
000
014
008
012
000
000
000
000
000
000
000
000
000
000
000
000
000
000
000
000
000
000
000
000
000
000
000
000
000
000
000
000
000
002
005
01C
00A
000
000
000
000
000
000
000
000
000
000
000
000
000
000
00F
FFF
000
000
000
000
000
000
000
000
000
000
000
000
000
000
000
000
000
000
000
000
000
000
008
008
012
00E
000
000
016
001
009
004
011
008
005
FF1
01C
FEB
000
000
000
000
000
000
000
000
000
000
000
000
000
000
000
000
000
000
000
000
001
FFB
000
000
000
000
000
000
000
000
000
000
000
000
000
000
000
000
000
000
000
000
000
000
000
000
000
000
000
000
000
000
000
000
000
000
000
000
000
000
000
000
000
000
000
000
000
000
000
000
000
000
012
005
000
000
017
00E
013
FF5
00D
FFC
000
000
000
000
000
000
000
000
000
000
000
000
000
000
000
000
000
000
000
000
000
000
000
000
000
000
000
000
000
000
000
000
000
000
000
000
000
000
000
000
011
00A
000
000
000
000
000
000
000
000
000
000
000
000
000
000
000
000
000
000
000
000
000
000
000
000
018
010
000
000
000
000
010
000
000
000
012
002
013
008
00F
FFB
000
000
000
000
000
000
000
000
000
000
000
000
000
000
000
000
000
000
000
000
017
00F
000
000
000
000
000
000
000
000
000
000
000
000
000
000
000
000
00C
004
000
000
000
000
000
000
000
000
000
000
000
000
000
000
000
000
000
000
000
000
000
000
015
FFE
000
000
019
005
000
000
000
000
00B
003
012
001
00F
004
01C
FFB
00E
FFE
000
000
000
000
000
000
000
000
000
000
000
000
000
000
000
000
000
000
000
000
000
000
000
000
000
000
000
000
000
000
000
000
000
000
000
000
000
000
000
000
000
000
000
000
000
000
000
000
000
000
000
000
000
000
000
000
000
000
000
000
000
000
000
000
018
004
00F
008
000
000
000
000
012
005
000
000
015
00D
011
001
012
007
000
000
000
000
000
000
000
000
000
000
000
000
000
000
000
000
000
000
000
000
000
000
000
000
000
000
000
000
000
000
000
000
000
000
000
000
00D
FFD
000
000
000
000
000
000
000
000
000
000
000
000
000
000
000
000
000
000
000
000
000
000
000
000
000
000
007
00B
015
005
000
000
00A
FFA
01D
002
002
005
015
001
013
FFE
012
008
000
000
012
FF9
00F
FF9
000
000
000
000
000
000
000
000
019
002
000
000
000
000
000
000
000
000
000
000
000
000
000
000
000
000
000
000
014
FFC
000
000
000
000
000
000
000
000
000
000
000
000
000
000
000
000
000
000
000
000
000
000
000
000
000
000
000
000
00B
000
00D
004
000
000
000
000
005
FFB
000
000
018
017
01E
FFE
01B
00F
00F
FF9
00C
000
000
000
000
000
000
000
000
000
000
000
000
000
000
000
000
000
000
000
000
000
000
000
000
000
000
000
000
000
000
000
000
000
000
000
000
000
000
000
000
000
000
000
000
000
000
000
000
000
000
000
000
000
000
000
000
000
000
000
000
000
019
FFE
010
007
000
000
012
000
009
FFE
014
007
012
003
019
FF4
000
000
000
000
000
000
000
000
000
000
000
001
000
000
000
000
000
000
000
000
000
000
000
000
000
000
000
000
000
000
000
000
000
000
000
000
000
000
000
000
000
000
000
000
000
000
000
000
000
000
000
000
000
000
00A
FFE
00C
FFD
000
000
000
000
000
000
000
000
010
FFC
014
000
009
FFF
00C
FFE
000
000
013
FFF
019
001
005
002
029
000
000
000
00F
002
009
007
